Webots Project File version R2020b
perspectives: 000000ff00000000fd000000030000000000000320000003b6fc0100000002fb0000001e00480074006d006c0052006f0062006f007400570069006e0064006f00770000000000000003200000000000000000fb0000001a0044006f00630075006d0065006e0074006100740069006f006e0000000000ffffffff0000006900ffffff00000001000001b0000003b6fc0200000001fb0000001400540065007800740045006400690074006f0072000000001a000003b60000004100ffffff0000000300000780000000d9fc0100000002fb0000000e0043006f006e0073006f006c00650100000000000005d00000000000000000fb0000001a0043006f006e0073006f006c00650041006c006c0041006c006c010000000000000780000000000000000000000780000003b600000001000000020000000100000008fc00000000
simulationViewPerspectives: 000000ff000000010000000200000000000005cc0100000002010000000100
sceneTreePerspectives: 000000ff0000000100000002000000c0000000fa0100000002010000000200
maximizedDockId: -1
centralWidgetVisible: 1
orthographicViewHeight: 1
textFiles: -1
renderingDevicePerspectives: IPR:camera;1;3.71875;0.000938087;0
renderingDevicePerspectives: ROBOTIS OP3:Camera;1;0.204687;0;0
